1 42496.83081505041
2 38651.73721660733
3 35442.75922594825
4 32723.973879498713
5 30391.04747262269
6 28367.27332481008
7 26595.450711561858
8 25030.32954444361
9 23638.585659205786
10 22392.52956889974
11 21270.660078894183
12 20255.12277465691
13 19331.408182483065
14 18487.825644570446
15 17714.469865159703
16 17002.389969572756
17 16345.040606911514
18 15736.09146795682
19 15170.922350780009
20 14644.856075267224
21 14152.972561826287
22 13692.59353891489
23 13261.276418881645
24 12856.08476017685
25 12475.034153993796
26 12115.088921832326
27 11775.183368717651
28 11453.797491042265
29 11149.243207652353
30 10860.21721195004
31 10585.61660063319
32 10324.463329911365
33 10075.955934577249
34 9838.513554259325
35 9611.853091771016
36 9395.564597577757
37 9188.429490262868
38 8990.238540565293
39 8800.157470964286
40 8618.071916505254
41 8442.907227587435
42 8274.77042822474
43 8113.00860629014
44 7957.564415053838
45 7807.791942997661
46 7663.239703454686
47 7524.1735790056555
48 7389.712154522305
49 7259.975194872891
50 7134.61666812544
51 7013.390790552624
52 6896.198987314529
53 6782.78269679056
54 6673.08058233563
55 6566.535926086584
56 6463.333517954315
57 6363.394361676925
58 6266.684494494706
59 6172.151174664864
60 6080.752162089334
61 5991.875849952506
62 5905.486884568295
63 5821.92081377522
64 5740.0580548311
65 5660.490056175539
66 5583.099368303585
67 5507.925000894544
68 5434.609722205969
69 5363.824084113119
70 5293.385197777669
71 5225.439322995179
72 5159.269694933349
73 5094.641552767231
74 5031.433238212033
75 4969.8499084888535
76 4909.767465425665
77 4851.072688615258
78 4793.794504560611
79 4737.699181313787
80 4682.934331723235
81 4629.12960949639
82 4576.981855608386
83 4525.579669041809
84 4475.358743841875
85 4426.294449190098
86 4378.070891956879
87 4330.971399984343
88 4284.781271714472
89 4239.6921376044875
90 4195.446176135942
91 4152.029826953462
92 4109.600673190007
93 4067.904724005972
94 4027.3002265029445
95 3987.051301619325
96 3947.786632553741
97 3909.0087628551346
98 3871.2960910260426
99 3834.052013719107
100 3797.6599050147083
101 3761.5871351748683
102 3726.5970963365103
103 3691.9892897187824
104 3657.9833209768844
105 3624.6455695337645
106 3592.0679494203373
107 3559.7882444372476
108 3528.1180472546657
109 3496.9388975865154
110 3466.3352355799225
111 3436.4519715084652
112 3406.69014651291
113 3377.657714745127
114 3349.068362479856
115 3320.9585785872564
116 3293.225478792349
117 3266.003622004894
118 3239.1292035165875
119 3212.614782994756
120 3186.572663799115
121 3160.998841769091
122 3135.92072740932
123 3110.991278632528
124 3086.4439024947483
125 3062.5613047770885
126 3038.5812591331237
127 3015.2593112419427
128 2992.297985438574
129 2969.5852016420063
130 2947.2159020149015
131 2924.978203037308
132 2903.30759475893
133 2881.795864814059
134 2860.8063458729744
135 2839.836408402262
136 2819.2966653852836
137 2799.0365126781057
138 2778.9279247936556
139 2759.22758422111
140 2739.7407423412305
141 2720.7307582975363
142 2701.548305803958
143 2682.907669281556
144 2664.532281071045
145 2646.1560420860533
146 2647.8392835259474
147 2610.330199785372
148 2592.770645448152
149 2575.4935395763077
150 2559.386250875161
151 2547.212010726994
152 2524.925760656116
153 2508.4082687832692
154 2492.1655134191283
155 2476.273692545996
156 2460.33113731624
157 2444.7034040714134
158 2429.0417748400755
159 2413.763336017389
160 2398.7587186183478
161 2383.701936580325
162 2368.932688954032
163 2354.2892551398463
164 2341.332690425838
165 2326.3217780861564
166 2311.57232452727
167 2297.518803691517
168 2283.834810665544
169 2270.245034208844
170 2256.680316677675
171 2243.6269072167497
172 2230.2435155463595
173 2217.1714902346944
174 2204.1023742981984
175 2191.4028879781567
176 2179.755067382862
177 2166.327606109404
178 2154.1514187540083
179 2141.9207525390293
180 2129.7754013463064
181 2117.802706263562
182 2105.9310435783063
183 2094.8638846542276
184 2082.7791690208837
185 2071.0916886951695
186 2059.8583356759623
187 2048.8642769044895
188 2037.5883460437478
189 2026.483469939352
190 2015.6162991015242
191 2004.862825393769
192 1994.3963576209578
193 1983.6488630075512
194 1973.0528655718224
195 1963.0513010639966
196 1952.4523940479896
197 1942.2758364485217
198 1932.326864912592
199 1922.2358590311524
200 1912.4847179012502
201 1902.6795607700053
202 1892.9603729283556
203 1883.258691507592
204 1873.7227912710173
205 1864.3670396164352
206 1855.0826321326504
207 1845.885489143955
208 1836.920033454451
209 1827.7484239142505
210 1818.5236998150253
211 1809.7058865531958
212 1801.0168484625078
213 1792.166266679466
214 1783.5880735754706
215 1775.0309774660304
216 1766.5311125450035
217 1757.9177192010734
218 1749.6612008390484
219 1741.3287847464055
220 1732.972176801895
221 1724.954503082297
222 1716.8377037286052
223 1708.792806555068
224 1700.8862604921094
225 1692.9929367354853
226 1685.1914374848884
227 1677.432522129781
228 1669.7748430070058
229 1662.1768046833615
230 1654.6601552368904
231 1647.0459769904141
232 1639.633006738932
233 1632.2256276385253
234 1624.9429579956177
235 1617.735014100773
236 1610.5513100973826
237 1603.500882609625
238 1596.3909433124052
239 1589.4054309164783
240 1582.3791095116514
241 1575.766497657543
242 1583.4510324031207
243 1561.975535328045
244 1555.435077436537
245 1548.4867344655993
246 1541.9154929965061
247 1535.2786416715287
248 1528.9034583579105
249 1522.4074146138169
250 1516.0155810084768
251 1509.5211070392188
252 1504.837080026168
253 1497.1142994491838
254 1490.7160310815013
255 1484.52087891602
256 1478.523382259921
257 1472.652076105917
258 1470.4398053456694
259 1460.4284208243007
260 1454.483490190727
261 1456.7758169160074
262 1461.5666403742155
263 1468.5765847868456
264 1432.6005521720672
265 1438.8263821973674
266 1421.0953939180283
267 1414.6631889272594
268 1409.1288235654397
269 1402.7660925528576
270 1397.7642680270094
271 1391.9642323882204
272 1946.2031417451924
273 1381.0251352644325
274 1376.1377813560885
275 1370.4697329363087
276 1364.9925640098395
277 1363.228319436747
278 1354.570062364701
279 2566.3233124093335
280 1345.0886369905818
281 1340.4877533158942
282 1786.437525440162
283 1328.6153851026038
284 1323.8399142212393
285 1324.450588963293
286 1313.8554310814143
287 1317.1824796845526
288 1303.932989006194
289 1299.5798668858833
290 1299.4926815709896
291 1289.5395288626205
292 1285.0070504467087
293 1279.9588335751826
294 1275.525409516562
295 1270.7840635958132
296 1266.118172913605
297 1262.0325755864833
298 1258.9998085329173
299 1252.452473416646
300 1248.7526432954949
301 1250.0377218882188
302 1244.7809878249268
303 1234.557964346369
304 1230.2366699497645
305 1235.034327563863
306 1249.0221618242626
307 1217.2728363105298
308 1215.066700769715
309 1213.2288913496445
310 1204.6008515173712
311 1200.389132574305
312 1198.900513182634
313 1192.311470511002
314 1188.0884040545002
315 1629.5320837183492
316 1179.8318232640788
317 1177.6290638857922
318 1185.1264057874826
319 1167.913594125941
320 1163.859495083535
321 1160.0969999902175
322 1155.8991058900237
323 1152.1866337921488
324 1148.7077019580138
325 1156.7072904784643
326 1140.747350989401
327 1141.4935974504936
328 1134.8405769516487
329 1129.5282887001522
330 1195.653878581628
331 1122.269152484984
332 1118.1768327441514
333 1114.367820683405
334 1119.8390863132834
335 1107.1727778587008
336 1105.9190746159609
337 1252.6374218044812
338 1097.8145462520308
339 1093.3296667625968
340 1108.1191590239018
341 1102.9719052016196
342 1082.6038314158498
343 1078.6617195305723
344 1077.1904260912856
345 1072.0630715079442
346 3979.780058490327
347 1065.997733274511
348 1061.767852162298
349 1059.1933594017971
350 1054.9090962692292
351 1053.9235462715835
352 1049.3213993662787
353 1046.720870281002
354 1041.7149879032963
355 1040.0018318541968
356 1035.9162871318345
357 1032.0171619670382
358 1028.8560028233437
359 1046.6087876858523
360 1039.2665215106915
361 1019.6130641808151
362 1069.2447123168624
363 1013.3666673053237
364 1010.499407333323
365 1108.7355289789566
366 1004.2276030897311
367 1000.9914675993375
368 997.9486935197071
369 995.0375618113636
370 1022.5357211485327
371 1725.9454400527163
372 986.0482136295955
373 982.9657600283889
374 1464.2065192518808
375 977.2104662528517
376 975.4689714031547
377 971.7647328837713
378 978.263091462925
379 966.05188028763
380 962.931456055886
381 960.3367492147445
382 959.0137785336649
383 954.6545109447861
384 952.6743086298244
385 949.1692327332082
386 946.1647601238002
387 944.7859808155008
388 990.2345800630897
389 938.5143816602259
390 958.6726642122959
391 932.6661151942712
392 930.6493174735306
393 927.8549385150036
394 927.6162849480687
395 941.8092770196301
396 919.5998220413517
397 916.9910806781783
398 914.3093561662242
399 911.9219691867177
400 911.631240462552
401 935.0948270190875
402 905.1553225157983
403 958.7111466501339
404 903.863190624292
405 910.2468969844253
406 894.9178868887298
407 893.2494705550355
408 942.3021027026649
409 891.7427477850422
410 892.9546128009972
411 933.6866818608715
412 926.3784518733116
413 877.7836144599277
414 874.5113095569075
415 982.5160347015175
416 897.9366026350559
417 875.5986290263843
418 870.1910061962423
419 866.5758834688961
420 861.969020975395
421 943.5641841350352
422 856.8247253220131
423 902.0372718803022
424 851.4539379798728
425 849.6834829345644
426 852.0619655718599
427 848.1870063162743
428 842.1724948081082
429 839.935619223055
430 838.3774964554309
431 3890.4579982989094
432 833.6403697551509
433 847.5120226144521
434 829.9498635057835
435 827.346190232712
436 1015.4468877054442
437 822.7697928207485
438 861.8993072775509
439 821.570167298495
440 844.6564273042233
441 1003.286596151476
442 818.4976008760285
443 811.5235111574863
444 818.7786331232028
445 844.4652069287692
446 803.5982253681706
447 801.6330620507399
448 811.1405823514784
449 798.5331159204317
450 796.519469903145
451 793.5593972840751
452 793.7024983343525
453 789.628488983039
454 789.0429006696032
455 785.5250205298357
456 786.0404003658408
457 6254.02467079192
458 779.8598672602512
459 779.5265174027107
460 775.7902774897815
461 774.0329486090229
462 780.5696275476455
463 769.6109853680825
464 768.0235677623878
465 766.5295198847147
466 764.0900597804085
467 763.401548501657
468 762.6112045802057
469 760.1239718895722
470 758.6540577215804
471 760.240018735508
472 755.2767694927186
473 751.2584560093754
474 750.1082600361102
475 747.3271257259539
476 788.791434702013
477 743.6942806762623
478 753.390986212879
479 752.0623694272655
480 740.4039172067891
481 737.9763375216897
482 740.2532044035265
483 735.1338277924395
484 732.443778820134
485 729.4050886277195
486 732.4883696770056
487 729.0683498222479
488 724.884416119096
489 724.286466846019
490 750.7156056977736
491 719.4294056847325
492 722.0825254375704
493 716.6692067021884
494 760.1723449880261
495 796.9414900111998
496 712.785821740517
497 708.9366831286678
498 709.0129844238953
499 708.0706916588118
500 704.2982256089307
501 703.741785397103
502 702.5744520708387
503 699.7707014762249
504 1221.806506334715
505 699.613737084121
506 694.9722362491437
507 693.1713803591141
508 691.2090242579146
509 689.4791414696762
510 688.3318419489405
511 688.3903443522339
512 684.6867404211064
513 683.2864307314351
514 681.8176698923426
515 730.1440748195067
516 712.173955325391
517 677.6039466954338
518 689.9898235802683
519 674.1891610429509
520 674.3942442426894
521 675.2066602480704
522 669.5799273773976
523 667.9624349226352
524 666.2456020059611
525 664.9635452488944
526 677.0668747634941
527 686.009248822404
528 660.3843427576311
529 659.1678648188291
530 657.9246359395602
531 674.3458228690467
532 654.4362794067091
533 681.1287259764354
534 657.0899710444716
535 650.2762075075968
536 648.6110335600113
537 647.278672892431
538 757.5280309365045
539 670.9165153469137
540 643.5202018330667
541 646.4478468703169
542 644.781843208502
543 4985.2747071077
544 680.7326994092502
545 974.0724610665345
546 637.7119332287646
547 633.7538883990352
548 632.3846912111051
549 638.9038399768968
550 640.5215997992872
551 629.9214894404528
552 629.6338923428053
553 877.0296334892903
554 626.2882801253537
555 622.4383924862498
556 665.5404475617042
557 620.0188927655116
558 618.4992128213622
559 617.6833529264709
560 616.300443374003
561 614.6670614082491
562 663.7955820062992
563 616.1023554054154
564 610.8426590636088
565 609.1802140820757
566 607.9526311483561
567 639.5073559298336
568 606.2470554846993
569 604.1203757631463
570 642.5263104400462
571 602.0316357039185
572 600.3556363218004
573 599.6372270134208
574 615.1405147665309
575 627.587173556061
576 602.4681248913712
577 594.7607287388213
578 602.8995144178754
579 592.4813830058554
580 9525.833121538737
581 589.2147125475296
582 588.2886777015974
583 691.3165878787885
584 585.455264593003
585 585.2927627457526
586 582.9651310691189
587 581.9217317127406
588 604.7758079176656
589 579.7345976410749
590 579.8920151763281
591 577.9108052400574
592 653.9053863751442
593 574.9223851303174
594 573.809721729986
595 572.7915559068385
596 572.2749749100326
597 571.6119423423904
598 587.6672199417297
599 572.2514317624205
600 609.4044022515778
601 571.8157762525861
602 578.439102929943
603 563.2556702993521
604 562.6624416965575
605 561.3842107654112
606 559.7606923982805
607 559.0182805597818
608 558.5311698396549
609 556.9710101362602
610 556.5232987879672
611 557.8942662247582
612 553.8023710495
613 553.7809538940655
614 551.0260976854407
615 550.5992490592528
616 549.0886919712772
617 547.65802308152
618 546.6800386777822
619 546.2990219796166
620 544.6543515552764
621 543.3058515351979
622 546.309002991837
623 541.4410328029176
624 541.2132186107161
625 540.9129348696853
626 538.6606650963317
627 537.1682703825755
628 550.1728684662917
629 536.2569864068665
630 584.3828739467601
631 533.0990254576562
632 539.6999449716957
633 531.4626218400253
634 529.7271294344054
635 528.7656194273211
636 528.3161486861309
637 527.87164687745
638 526.5976643837244
639 524.9269234550798
640 524.6143167384798
641 524.9546502387842
642 521.7087075058863
643 521.8642102857744
644 519.6781853736086
645 519.1960555629955
646 537.8049688360162
647 517.3403977611172
648 533.0103334176218
649 514.9721118781322
650 514.0940604565285
651 571.2652740167234
652 511.9052942010409
653 511.0721850514632
654 539.0651055547311
655 551.0381347100313
656 535.7316753189201
657 507.2775646233919
658 508.35282470186013
659 505.49254676191595
660 507.282251079334
661 531.9129380047798
662 503.8164814084336
663 501.81094033026636
664 501.5433344886158
665 499.35572866362486
666 498.7291903297037
667 498.2644934798958
668 498.79625794712325
669 500.97165380007846
670 495.8819884451207
671 503.3545077277908
672 493.3337468926401
673 492.49532209140983
674 2289.126506080218
675 490.36763042314544
676 489.3950210704085
677 488.94925214153744
678 488.54233148284476
679 489.72378806384546
680 491.64166652512944
681 485.42876024528647
682 485.19807675708216
683 794.8398595165119
684 486.6194140943908
685 532.8728502861853
686 481.031195664802
687 480.35084300109014
688 482.1060388209014
689 486.5743582729111
690 477.2309065605951
691 477.25706882274704
692 486.08775301031426
693 497.6397896006159
694 474.29774830503965
695 472.7198010093342
696 475.0921884261508
697 471.0764884665318
698 470.6287771044083
699 469.6670381203014
700 470.78432212112665
701 470.32904784801343
702 472.19911025692926
703 466.3861463613599
704 465.2590416697726
705 464.3826659634898
706 464.29458684511394
707 463.59454793392706
708 462.4281565782922
709 461.96983132286124
710 460.59969007108134
711 459.39579881969655
712 458.62669981137907
713 458.1515197576745
714 457.0265309217667
715 456.1193386596225
716 458.5781638960271
717 454.7845993322101
718 453.82466164931645
719 453.72759357895734
720 452.8281817138574
721 451.3910730843062
722 450.88856014182113
723 452.8680448059558
724 449.03002723943115
725 543.0003273850036
726 3479.9820693104125
727 446.45579375252333
728 445.79114637340876
729 446.42290780185954
730 444.4809233767765
731 443.7928764478769
732 444.6959041478021
733 441.7974630775292
734 466.5929723568441
735 440.2875360722125
736 448.16399004938285
737 438.9247083804316
738 438.36003610792835
739 437.6313584124306
740 451.5576404188141
741 1296.6147826371896
742 435.2717429057476
743 440.2487364857594
744 714.1637512243166
745 433.98257983511
746 432.1823115609618
747 445.68913093640276
748 431.14010871386574
749 432.80032814435515
750 430.185954859736
751 428.93302855157935
752 427.9295911217841
753 427.01197198930623
754 426.44669702419407
755 425.9635818351283
756 425.424772444101
757 424.4892805771852
758 423.4204659663547
759 423.6029811327737
760 426.978090571964
761 421.2959759060344
762 421.4232771738803
763 421.7765039833523
764 419.13664669875243
765 418.512793825786
766 418.5601176510095
767 416.99966776643674
768 416.64912522934577
769 417.7748450355519
770 421.6636635190666
771 415.2738321037696
772 413.4802917783767
773 413.0244805693504
774 412.5260298670788
775 411.45748411305374
776 410.8399475989344
777 410.5662620820636
778 409.73114690347353
779 408.68471929943183
780 411.17957327549755
781 413.76838124011346
782 407.0873011449506
783 406.40387724214366
784 405.46637212386884
785 431.2971929413203
786 404.5720559045295
787 446.29386262310686
788 415.709434906972
789 405.1699556126722
790 401.81389724220014
791 402.0741111033357
792 400.5664243759932
793 399.97467801668995
794 421.5572756075384
795 398.246907064141
796 397.7840966385965
797 396.894267789212
798 401.04719577485946
799 395.76234801592204
800 395.2120254881646
801 394.6284725887307
802 393.5216418728913
803 394.3500871210404
804 394.1120536673078
805 396.7637175014292
806 402.030088989128
807 390.3188499204452
808 390.07030630914227
809 394.1021651619001
810 394.6472779726937
811 387.9335780224488
812 387.67878306369903
813 692.9254999876198
814 387.35753208865344
815 385.8905681139189
816 439.3767008543158
817 418.7901791519838
818 383.61503734036955
819 383.1474506183083
820 382.3122706770988
821 381.9820112804679
822 381.027687346756
823 380.38546069394675
824 384.95111905789526
825 379.3087800258749
826 379.0373697528878
827 378.6843394353587
828 377.7276518352167
829 377.27856995075734
830 376.7218865397554
831 376.6979714245074
832 377.42578740064096
833 374.4030208982412
834 374.4177038717552
835 375.98737016047596
836 372.766303388596
837 372.2123471709643
838 371.6459683171519
839 395.5431201135444
840 370.83743634686715
841 376.9298622167303
842 984.388212258567
843 3677.3762145765336
844 368.6562422217704
845 367.8546341199171
846 1416.262046422766
847 366.3229546690174
848 365.83241963278203
849 367.1525306415467
850 364.63597408434384
851 370.32975288361365
852 363.41128961396834
853 363.0791464272392
854 362.32474058481705
855 361.73700997522894
856 361.7574754107059
857 360.95688418550475
858 362.99525442953365
859 773.6180703796656
860 359.298023035994
861 358.33362333726984
862 358.0088593948629
863 543.6264712341016
864 356.92133490948083
865 356.6600727472253
866 355.80368643532427
867 359.1790559420607
868 370.6961647265049
869 355.98488717408304
870 353.99686370237356
871 354.2088260977998
872 367.62143257942324
873 352.53314355315547
874 351.5246973967308
875 351.29607774400955
876 351.52095867359856
877 349.8975997354452
878 349.22564846108986
879 364.6355518109253
880 348.8499898797693
881 347.91177336352155
882 347.4018726439766
883 346.7956005610918
884 587.9188953362737
885 444.1567959747485
886 366.26180573975705
887 344.6470206483762
888 345.3859612302394
889 343.7405617563726
890 342.71602008696044
891 342.7458137318304
892 341.96040672541426
893 341.40959117425416
894 341.09859140219606
895 340.34496009240644
896 339.87724649810576
897 782.0576137096066
898 341.8690031931556
899 339.14938768253404
900 338.12472816758907
901 338.0222659174732
902 337.47064429165886
903 337.3592008821936
904 335.9920463830223
905 335.6595897451133
906 335.248081714997
907 335.27289201626076
908 334.1498138411664
909 334.3214218047556
910 334.57733994207865
911 332.7474496236725
912 332.19336515738513
913 331.36415683565065
914 330.9838967100855
915 330.86909121472695
916 329.89990345854284
917 329.1999088124486
918 329.8803824061464
919 329.8773666745376
920 327.71794357189725
921 327.3682880680469
922 327.188146707835
923 327.50768396130627
924 325.78324772340267
925 326.07986539571925
926 324.84158840389813
927 328.23606603691655
928 328.51511141199967
929 323.6564685221007
930 323.56753374758887
931 323.77560988656927
932 321.9905958674076
933 325.34706089234317
934 321.0420746886112
935 321.01877740930223
936 320.4015896529861
937 319.7176909331609
938 320.4593365321475
939 318.8490344311028
940 318.38854692843927
941 318.25366302782857
942 322.9158695288184
943 316.8599750244964
944 317.06548035944684
945 321.8262964932677
946 315.57799811842955
947 315.4167413924004
948 314.76525419456846
949 314.8363184510389
950 314.1742485236519
951 313.40515592267593
952 318.9382056644855
953 312.3620359916481
954 311.839912863653
955 311.9365945275293
956 321.60540843255126
957 331.59190223965396
958 317.6369599062044
959 309.85791516099033
960 309.27752044202015
961 321.1059273476895
962 335.90473002989205
963 309.2174288897324
964 308.03337900720123
965 308.97053146362185
966 306.4314052081926
967 306.3004674570835
968 306.2214050651003
969 305.67712927569636
970 307.18386403698605
971 304.9325242937413
972 310.77624638034854
973 305.1059315379415
974 303.70450375331643
975 303.2246539196363
976 314.68719431168233
977 301.9528096127794
978 303.2334248369724
979 301.07014379020706
980 300.6019497989725
981 306.37305559515687
982 355.9344741823106
983 309.74553497185457
984 298.957671065834
985 317.661885936342
986 297.9830029041791
987 303.580813986302
988 298.6088140549943
989 296.6964240579833
990 297.0780212458512
991 307.3412366194315
992 297.8041460461008
993 295.97928095545154
994 294.72420611559176
995 317.2871266036919
996 294.87184953466806
997 296.8710000165019
998 292.95722662699654
999 292.6549741583696
1000 314.7913620031529
